position: 
    x: 0.363463852955
    y: 0.8474683646
    z: 0.741069813191
  orientation: 
    x: -0.709679856156
    y: 0.0463470742677
    z: 0.700839005968
    w: 0.0550557734136 ]

